cam0:
  cam_overlaps: [1]
  camera_model: omni
  distortion_coeffs: [-0.05490934952879173, 0.26424115969782647, 0.002998086780192544,
    -0.0008527490362104474]
  distortion_model: radtan
  intrinsics: [0.13102449792238346, 629.129697763386, 630.6498693132667, 321.1890828708836,
    237.74587699145164]
  resolution: [640, 480]
  rostopic: /cam0/image_raw
cam1:
  T_cn_cnm1:
  - [0.9999813530985715, 0.0019948358994627555, 0.005771835486587293, 0.07485584982469444]
  - [-0.0020867548348464443, 0.999870398042355, 0.01596347621546773, 0.0007443899742324703]
  - [-0.005739242929974193, -0.015975222951707863, 0.9998559162910594, -0.0024191557067020602]
  - [0.0, 0.0, 0.0, 1.0]
  cam_overlaps: [0]
  camera_model: omni
  distortion_coeffs: [-0.06804647550881109, 0.2510833265799372, 0.0013677993056881081,
    0.0001671351214588058]
  distortion_model: radtan
  intrinsics: [0.09292864835101183, 607.4328126959449, 608.7467787765203, 321.49873062868585,
    239.70864779321246]
  resolution: [640, 480]
  rostopic: /cam1/image_raw